{
 "cells": [
  {
   "cell_type": "code",
   "execution_count": 1,
   "id": "5696a122",
   "metadata": {},
   "outputs": [],
   "source": [
    "import pandas as pd\n",
    "import numpy as np\n",
    "from sklearn.linear_model import LinearRegression\n",
    "from sklearn.metrics import mean_squared_error\n",
    "from sklearn.model_selection import train_test_split"
   ]
  },
  {
   "cell_type": "code",
   "execution_count": 2,
   "id": "53f74f9c",
   "metadata": {},
   "outputs": [
    {
     "data": {
      "text/html": [
       "<div>\n",
       "<style scoped>\n",
       "    .dataframe tbody tr th:only-of-type {\n",
       "        vertical-align: middle;\n",
       "    }\n",
       "\n",
       "    .dataframe tbody tr th {\n",
       "        vertical-align: top;\n",
       "    }\n",
       "\n",
       "    .dataframe thead th {\n",
       "        text-align: right;\n",
       "    }\n",
       "</style>\n",
       "<table border=\"1\" class=\"dataframe\">\n",
       "  <thead>\n",
       "    <tr style=\"text-align: right;\">\n",
       "      <th></th>\n",
       "      <th>CRIM</th>\n",
       "      <th>ZN</th>\n",
       "      <th>INDUS</th>\n",
       "      <th>CHAS</th>\n",
       "      <th>NOX</th>\n",
       "      <th>RM</th>\n",
       "      <th>AGE</th>\n",
       "      <th>DIS</th>\n",
       "      <th>RAD</th>\n",
       "      <th>TAX</th>\n",
       "      <th>PTRATIO</th>\n",
       "      <th>B</th>\n",
       "      <th>LSTAT</th>\n",
       "      <th>MEDV</th>\n",
       "    </tr>\n",
       "  </thead>\n",
       "  <tbody>\n",
       "    <tr>\n",
       "      <th>0</th>\n",
       "      <td>0.00632</td>\n",
       "      <td>18.0</td>\n",
       "      <td>2.31</td>\n",
       "      <td>0</td>\n",
       "      <td>0.538</td>\n",
       "      <td>6.575</td>\n",
       "      <td>65.2</td>\n",
       "      <td>4.0900</td>\n",
       "      <td>1</td>\n",
       "      <td>296</td>\n",
       "      <td>15.3</td>\n",
       "      <td>396.90</td>\n",
       "      <td>4.98</td>\n",
       "      <td>24.0</td>\n",
       "    </tr>\n",
       "    <tr>\n",
       "      <th>1</th>\n",
       "      <td>0.02731</td>\n",
       "      <td>0.0</td>\n",
       "      <td>7.07</td>\n",
       "      <td>0</td>\n",
       "      <td>0.469</td>\n",
       "      <td>6.421</td>\n",
       "      <td>78.9</td>\n",
       "      <td>4.9671</td>\n",
       "      <td>2</td>\n",
       "      <td>242</td>\n",
       "      <td>17.8</td>\n",
       "      <td>396.90</td>\n",
       "      <td>9.14</td>\n",
       "      <td>21.6</td>\n",
       "    </tr>\n",
       "    <tr>\n",
       "      <th>2</th>\n",
       "      <td>0.02729</td>\n",
       "      <td>0.0</td>\n",
       "      <td>7.07</td>\n",
       "      <td>0</td>\n",
       "      <td>0.469</td>\n",
       "      <td>7.185</td>\n",
       "      <td>61.1</td>\n",
       "      <td>4.9671</td>\n",
       "      <td>2</td>\n",
       "      <td>242</td>\n",
       "      <td>17.8</td>\n",
       "      <td>392.83</td>\n",
       "      <td>4.03</td>\n",
       "      <td>34.7</td>\n",
       "    </tr>\n",
       "    <tr>\n",
       "      <th>3</th>\n",
       "      <td>0.03237</td>\n",
       "      <td>0.0</td>\n",
       "      <td>2.18</td>\n",
       "      <td>0</td>\n",
       "      <td>0.458</td>\n",
       "      <td>6.998</td>\n",
       "      <td>45.8</td>\n",
       "      <td>6.0622</td>\n",
       "      <td>3</td>\n",
       "      <td>222</td>\n",
       "      <td>18.7</td>\n",
       "      <td>394.63</td>\n",
       "      <td>2.94</td>\n",
       "      <td>33.4</td>\n",
       "    </tr>\n",
       "    <tr>\n",
       "      <th>4</th>\n",
       "      <td>0.06905</td>\n",
       "      <td>0.0</td>\n",
       "      <td>2.18</td>\n",
       "      <td>0</td>\n",
       "      <td>0.458</td>\n",
       "      <td>7.147</td>\n",
       "      <td>54.2</td>\n",
       "      <td>6.0622</td>\n",
       "      <td>3</td>\n",
       "      <td>222</td>\n",
       "      <td>18.7</td>\n",
       "      <td>396.90</td>\n",
       "      <td>5.33</td>\n",
       "      <td>36.2</td>\n",
       "    </tr>\n",
       "  </tbody>\n",
       "</table>\n",
       "</div>"
      ],
      "text/plain": [
       "      CRIM    ZN  INDUS  CHAS    NOX     RM   AGE     DIS  RAD  TAX  PTRATIO  \\\n",
       "0  0.00632  18.0   2.31     0  0.538  6.575  65.2  4.0900    1  296     15.3   \n",
       "1  0.02731   0.0   7.07     0  0.469  6.421  78.9  4.9671    2  242     17.8   \n",
       "2  0.02729   0.0   7.07     0  0.469  7.185  61.1  4.9671    2  242     17.8   \n",
       "3  0.03237   0.0   2.18     0  0.458  6.998  45.8  6.0622    3  222     18.7   \n",
       "4  0.06905   0.0   2.18     0  0.458  7.147  54.2  6.0622    3  222     18.7   \n",
       "\n",
       "        B  LSTAT  MEDV  \n",
       "0  396.90   4.98  24.0  \n",
       "1  396.90   9.14  21.6  \n",
       "2  392.83   4.03  34.7  \n",
       "3  394.63   2.94  33.4  \n",
       "4  396.90   5.33  36.2  "
      ]
     },
     "execution_count": 2,
     "metadata": {},
     "output_type": "execute_result"
    }
   ],
   "source": [
    "df = pd.read_csv('housing_data.csv')\n",
    "df.head()"
   ]
  },
  {
   "cell_type": "code",
   "execution_count": 3,
   "id": "5e1fc5c0",
   "metadata": {},
   "outputs": [
    {
     "data": {
      "text/html": [
       "<div>\n",
       "<style scoped>\n",
       "    .dataframe tbody tr th:only-of-type {\n",
       "        vertical-align: middle;\n",
       "    }\n",
       "\n",
       "    .dataframe tbody tr th {\n",
       "        vertical-align: top;\n",
       "    }\n",
       "\n",
       "    .dataframe thead th {\n",
       "        text-align: right;\n",
       "    }\n",
       "</style>\n",
       "<table border=\"1\" class=\"dataframe\">\n",
       "  <thead>\n",
       "    <tr style=\"text-align: right;\">\n",
       "      <th></th>\n",
       "      <th>CRIM</th>\n",
       "      <th>ZN</th>\n",
       "      <th>INDUS</th>\n",
       "      <th>CHAS</th>\n",
       "      <th>NOX</th>\n",
       "      <th>RM</th>\n",
       "      <th>AGE</th>\n",
       "      <th>DIS</th>\n",
       "      <th>RAD</th>\n",
       "      <th>TAX</th>\n",
       "      <th>PTRATIO</th>\n",
       "      <th>B</th>\n",
       "      <th>LSTAT</th>\n",
       "      <th>MEDV</th>\n",
       "    </tr>\n",
       "  </thead>\n",
       "  <tbody>\n",
       "    <tr>\n",
       "      <th>0</th>\n",
       "      <td>-0.419367</td>\n",
       "      <td>0.284548</td>\n",
       "      <td>-1.286636</td>\n",
       "      <td>-0.272329</td>\n",
       "      <td>-0.144075</td>\n",
       "      <td>0.413263</td>\n",
       "      <td>-0.119895</td>\n",
       "      <td>0.140075</td>\n",
       "      <td>-0.981871</td>\n",
       "      <td>-0.665949</td>\n",
       "      <td>-1.457558</td>\n",
       "      <td>0.440616</td>\n",
       "      <td>-1.074499</td>\n",
       "      <td>0.159528</td>\n",
       "    </tr>\n",
       "    <tr>\n",
       "      <th>1</th>\n",
       "      <td>-0.416927</td>\n",
       "      <td>-0.487240</td>\n",
       "      <td>-0.592794</td>\n",
       "      <td>-0.272329</td>\n",
       "      <td>-0.739530</td>\n",
       "      <td>0.194082</td>\n",
       "      <td>0.366803</td>\n",
       "      <td>0.556609</td>\n",
       "      <td>-0.867024</td>\n",
       "      <td>-0.986353</td>\n",
       "      <td>-0.302794</td>\n",
       "      <td>0.440616</td>\n",
       "      <td>-0.491953</td>\n",
       "      <td>-0.101424</td>\n",
       "    </tr>\n",
       "    <tr>\n",
       "      <th>2</th>\n",
       "      <td>-0.416929</td>\n",
       "      <td>-0.487240</td>\n",
       "      <td>-0.592794</td>\n",
       "      <td>-0.272329</td>\n",
       "      <td>-0.739530</td>\n",
       "      <td>1.281446</td>\n",
       "      <td>-0.265549</td>\n",
       "      <td>0.556609</td>\n",
       "      <td>-0.867024</td>\n",
       "      <td>-0.986353</td>\n",
       "      <td>-0.302794</td>\n",
       "      <td>0.396035</td>\n",
       "      <td>-1.207532</td>\n",
       "      <td>1.322937</td>\n",
       "    </tr>\n",
       "    <tr>\n",
       "      <th>3</th>\n",
       "      <td>-0.416338</td>\n",
       "      <td>-0.487240</td>\n",
       "      <td>-1.305586</td>\n",
       "      <td>-0.272329</td>\n",
       "      <td>-0.834458</td>\n",
       "      <td>1.015298</td>\n",
       "      <td>-0.809088</td>\n",
       "      <td>1.076671</td>\n",
       "      <td>-0.752178</td>\n",
       "      <td>-1.105022</td>\n",
       "      <td>0.112920</td>\n",
       "      <td>0.415751</td>\n",
       "      <td>-1.360171</td>\n",
       "      <td>1.181589</td>\n",
       "    </tr>\n",
       "    <tr>\n",
       "      <th>4</th>\n",
       "      <td>-0.412074</td>\n",
       "      <td>-0.487240</td>\n",
       "      <td>-1.305586</td>\n",
       "      <td>-0.272329</td>\n",
       "      <td>-0.834458</td>\n",
       "      <td>1.227362</td>\n",
       "      <td>-0.510674</td>\n",
       "      <td>1.076671</td>\n",
       "      <td>-0.752178</td>\n",
       "      <td>-1.105022</td>\n",
       "      <td>0.112920</td>\n",
       "      <td>0.440616</td>\n",
       "      <td>-1.025487</td>\n",
       "      <td>1.486032</td>\n",
       "    </tr>\n",
       "  </tbody>\n",
       "</table>\n",
       "</div>"
      ],
      "text/plain": [
       "       CRIM        ZN     INDUS      CHAS       NOX        RM       AGE  \\\n",
       "0 -0.419367  0.284548 -1.286636 -0.272329 -0.144075  0.413263 -0.119895   \n",
       "1 -0.416927 -0.487240 -0.592794 -0.272329 -0.739530  0.194082  0.366803   \n",
       "2 -0.416929 -0.487240 -0.592794 -0.272329 -0.739530  1.281446 -0.265549   \n",
       "3 -0.416338 -0.487240 -1.305586 -0.272329 -0.834458  1.015298 -0.809088   \n",
       "4 -0.412074 -0.487240 -1.305586 -0.272329 -0.834458  1.227362 -0.510674   \n",
       "\n",
       "        DIS       RAD       TAX   PTRATIO         B     LSTAT      MEDV  \n",
       "0  0.140075 -0.981871 -0.665949 -1.457558  0.440616 -1.074499  0.159528  \n",
       "1  0.556609 -0.867024 -0.986353 -0.302794  0.440616 -0.491953 -0.101424  \n",
       "2  0.556609 -0.867024 -0.986353 -0.302794  0.396035 -1.207532  1.322937  \n",
       "3  1.076671 -0.752178 -1.105022  0.112920  0.415751 -1.360171  1.181589  \n",
       "4  1.076671 -0.752178 -1.105022  0.112920  0.440616 -1.025487  1.486032  "
      ]
     },
     "execution_count": 3,
     "metadata": {},
     "output_type": "execute_result"
    }
   ],
   "source": [
    "mean = df.mean()\n",
    "std = df.std()\n",
    "df = (df- mean)/std\n",
    "df.head()"
   ]
  },
  {
   "cell_type": "code",
   "execution_count": 4,
   "id": "403674f9",
   "metadata": {},
   "outputs": [],
   "source": [
    "y = df['MEDV'].to_numpy()\n",
    "x = df.drop(['MEDV'],axis=1)"
   ]
  },
  {
   "cell_type": "code",
   "execution_count": 5,
   "id": "e95290ad",
   "metadata": {},
   "outputs": [],
   "source": [
    "features = df.copy()"
   ]
  },
  {
   "cell_type": "code",
   "execution_count": 6,
   "id": "f25f0463",
   "metadata": {},
   "outputs": [
    {
     "data": {
      "text/html": [
       "<div>\n",
       "<style scoped>\n",
       "    .dataframe tbody tr th:only-of-type {\n",
       "        vertical-align: middle;\n",
       "    }\n",
       "\n",
       "    .dataframe tbody tr th {\n",
       "        vertical-align: top;\n",
       "    }\n",
       "\n",
       "    .dataframe thead th {\n",
       "        text-align: right;\n",
       "    }\n",
       "</style>\n",
       "<table border=\"1\" class=\"dataframe\">\n",
       "  <thead>\n",
       "    <tr style=\"text-align: right;\">\n",
       "      <th></th>\n",
       "      <th>CRIM</th>\n",
       "      <th>ZN</th>\n",
       "      <th>INDUS</th>\n",
       "      <th>CHAS</th>\n",
       "      <th>NOX</th>\n",
       "      <th>RM</th>\n",
       "      <th>AGE</th>\n",
       "      <th>DIS</th>\n",
       "      <th>RAD</th>\n",
       "      <th>TAX</th>\n",
       "      <th>PTRATIO</th>\n",
       "      <th>B</th>\n",
       "      <th>LSTAT</th>\n",
       "      <th>MEDV</th>\n",
       "    </tr>\n",
       "  </thead>\n",
       "  <tbody>\n",
       "    <tr>\n",
       "      <th>CRIM</th>\n",
       "      <td>1.000000</td>\n",
       "      <td>-0.200469</td>\n",
       "      <td>0.406583</td>\n",
       "      <td>-0.055892</td>\n",
       "      <td>0.420972</td>\n",
       "      <td>-0.219247</td>\n",
       "      <td>0.352734</td>\n",
       "      <td>-0.379670</td>\n",
       "      <td>0.625505</td>\n",
       "      <td>0.582764</td>\n",
       "      <td>0.289946</td>\n",
       "      <td>-0.385064</td>\n",
       "      <td>0.455621</td>\n",
       "      <td>-0.388305</td>\n",
       "    </tr>\n",
       "    <tr>\n",
       "      <th>ZN</th>\n",
       "      <td>-0.200469</td>\n",
       "      <td>1.000000</td>\n",
       "      <td>-0.533828</td>\n",
       "      <td>-0.042697</td>\n",
       "      <td>-0.516604</td>\n",
       "      <td>0.311991</td>\n",
       "      <td>-0.569537</td>\n",
       "      <td>0.664408</td>\n",
       "      <td>-0.311948</td>\n",
       "      <td>-0.314563</td>\n",
       "      <td>-0.391679</td>\n",
       "      <td>0.175520</td>\n",
       "      <td>-0.412995</td>\n",
       "      <td>0.360445</td>\n",
       "    </tr>\n",
       "    <tr>\n",
       "      <th>INDUS</th>\n",
       "      <td>0.406583</td>\n",
       "      <td>-0.533828</td>\n",
       "      <td>1.000000</td>\n",
       "      <td>0.062938</td>\n",
       "      <td>0.763651</td>\n",
       "      <td>-0.391676</td>\n",
       "      <td>0.644779</td>\n",
       "      <td>-0.708027</td>\n",
       "      <td>0.595129</td>\n",
       "      <td>0.720760</td>\n",
       "      <td>0.383248</td>\n",
       "      <td>-0.356977</td>\n",
       "      <td>0.603800</td>\n",
       "      <td>-0.483725</td>\n",
       "    </tr>\n",
       "    <tr>\n",
       "      <th>CHAS</th>\n",
       "      <td>-0.055892</td>\n",
       "      <td>-0.042697</td>\n",
       "      <td>0.062938</td>\n",
       "      <td>1.000000</td>\n",
       "      <td>0.091203</td>\n",
       "      <td>0.091251</td>\n",
       "      <td>0.086518</td>\n",
       "      <td>-0.099176</td>\n",
       "      <td>-0.007368</td>\n",
       "      <td>-0.035587</td>\n",
       "      <td>-0.121515</td>\n",
       "      <td>0.048788</td>\n",
       "      <td>-0.053929</td>\n",
       "      <td>0.175260</td>\n",
       "    </tr>\n",
       "    <tr>\n",
       "      <th>NOX</th>\n",
       "      <td>0.420972</td>\n",
       "      <td>-0.516604</td>\n",
       "      <td>0.763651</td>\n",
       "      <td>0.091203</td>\n",
       "      <td>1.000000</td>\n",
       "      <td>-0.302188</td>\n",
       "      <td>0.731470</td>\n",
       "      <td>-0.769230</td>\n",
       "      <td>0.611441</td>\n",
       "      <td>0.668023</td>\n",
       "      <td>0.188933</td>\n",
       "      <td>-0.380051</td>\n",
       "      <td>0.590879</td>\n",
       "      <td>-0.427321</td>\n",
       "    </tr>\n",
       "    <tr>\n",
       "      <th>RM</th>\n",
       "      <td>-0.219247</td>\n",
       "      <td>0.311991</td>\n",
       "      <td>-0.391676</td>\n",
       "      <td>0.091251</td>\n",
       "      <td>-0.302188</td>\n",
       "      <td>1.000000</td>\n",
       "      <td>-0.240265</td>\n",
       "      <td>0.205246</td>\n",
       "      <td>-0.209847</td>\n",
       "      <td>-0.292048</td>\n",
       "      <td>-0.355501</td>\n",
       "      <td>0.128069</td>\n",
       "      <td>-0.613808</td>\n",
       "      <td>0.695360</td>\n",
       "    </tr>\n",
       "    <tr>\n",
       "      <th>AGE</th>\n",
       "      <td>0.352734</td>\n",
       "      <td>-0.569537</td>\n",
       "      <td>0.644779</td>\n",
       "      <td>0.086518</td>\n",
       "      <td>0.731470</td>\n",
       "      <td>-0.240265</td>\n",
       "      <td>1.000000</td>\n",
       "      <td>-0.747881</td>\n",
       "      <td>0.456022</td>\n",
       "      <td>0.506456</td>\n",
       "      <td>0.261515</td>\n",
       "      <td>-0.273534</td>\n",
       "      <td>0.602339</td>\n",
       "      <td>-0.376955</td>\n",
       "    </tr>\n",
       "    <tr>\n",
       "      <th>DIS</th>\n",
       "      <td>-0.379670</td>\n",
       "      <td>0.664408</td>\n",
       "      <td>-0.708027</td>\n",
       "      <td>-0.099176</td>\n",
       "      <td>-0.769230</td>\n",
       "      <td>0.205246</td>\n",
       "      <td>-0.747881</td>\n",
       "      <td>1.000000</td>\n",
       "      <td>-0.494588</td>\n",
       "      <td>-0.534432</td>\n",
       "      <td>-0.232471</td>\n",
       "      <td>0.291512</td>\n",
       "      <td>-0.496996</td>\n",
       "      <td>0.249929</td>\n",
       "    </tr>\n",
       "    <tr>\n",
       "      <th>RAD</th>\n",
       "      <td>0.625505</td>\n",
       "      <td>-0.311948</td>\n",
       "      <td>0.595129</td>\n",
       "      <td>-0.007368</td>\n",
       "      <td>0.611441</td>\n",
       "      <td>-0.209847</td>\n",
       "      <td>0.456022</td>\n",
       "      <td>-0.494588</td>\n",
       "      <td>1.000000</td>\n",
       "      <td>0.910228</td>\n",
       "      <td>0.464741</td>\n",
       "      <td>-0.444413</td>\n",
       "      <td>0.488676</td>\n",
       "      <td>-0.381626</td>\n",
       "    </tr>\n",
       "    <tr>\n",
       "      <th>TAX</th>\n",
       "      <td>0.582764</td>\n",
       "      <td>-0.314563</td>\n",
       "      <td>0.720760</td>\n",
       "      <td>-0.035587</td>\n",
       "      <td>0.668023</td>\n",
       "      <td>-0.292048</td>\n",
       "      <td>0.506456</td>\n",
       "      <td>-0.534432</td>\n",
       "      <td>0.910228</td>\n",
       "      <td>1.000000</td>\n",
       "      <td>0.460853</td>\n",
       "      <td>-0.441808</td>\n",
       "      <td>0.543993</td>\n",
       "      <td>-0.468536</td>\n",
       "    </tr>\n",
       "    <tr>\n",
       "      <th>PTRATIO</th>\n",
       "      <td>0.289946</td>\n",
       "      <td>-0.391679</td>\n",
       "      <td>0.383248</td>\n",
       "      <td>-0.121515</td>\n",
       "      <td>0.188933</td>\n",
       "      <td>-0.355501</td>\n",
       "      <td>0.261515</td>\n",
       "      <td>-0.232471</td>\n",
       "      <td>0.464741</td>\n",
       "      <td>0.460853</td>\n",
       "      <td>1.000000</td>\n",
       "      <td>-0.177383</td>\n",
       "      <td>0.374044</td>\n",
       "      <td>-0.507787</td>\n",
       "    </tr>\n",
       "    <tr>\n",
       "      <th>B</th>\n",
       "      <td>-0.385064</td>\n",
       "      <td>0.175520</td>\n",
       "      <td>-0.356977</td>\n",
       "      <td>0.048788</td>\n",
       "      <td>-0.380051</td>\n",
       "      <td>0.128069</td>\n",
       "      <td>-0.273534</td>\n",
       "      <td>0.291512</td>\n",
       "      <td>-0.444413</td>\n",
       "      <td>-0.441808</td>\n",
       "      <td>-0.177383</td>\n",
       "      <td>1.000000</td>\n",
       "      <td>-0.366087</td>\n",
       "      <td>0.333461</td>\n",
       "    </tr>\n",
       "    <tr>\n",
       "      <th>LSTAT</th>\n",
       "      <td>0.455621</td>\n",
       "      <td>-0.412995</td>\n",
       "      <td>0.603800</td>\n",
       "      <td>-0.053929</td>\n",
       "      <td>0.590879</td>\n",
       "      <td>-0.613808</td>\n",
       "      <td>0.602339</td>\n",
       "      <td>-0.496996</td>\n",
       "      <td>0.488676</td>\n",
       "      <td>0.543993</td>\n",
       "      <td>0.374044</td>\n",
       "      <td>-0.366087</td>\n",
       "      <td>1.000000</td>\n",
       "      <td>-0.737663</td>\n",
       "    </tr>\n",
       "    <tr>\n",
       "      <th>MEDV</th>\n",
       "      <td>-0.388305</td>\n",
       "      <td>0.360445</td>\n",
       "      <td>-0.483725</td>\n",
       "      <td>0.175260</td>\n",
       "      <td>-0.427321</td>\n",
       "      <td>0.695360</td>\n",
       "      <td>-0.376955</td>\n",
       "      <td>0.249929</td>\n",
       "      <td>-0.381626</td>\n",
       "      <td>-0.468536</td>\n",
       "      <td>-0.507787</td>\n",
       "      <td>0.333461</td>\n",
       "      <td>-0.737663</td>\n",
       "      <td>1.000000</td>\n",
       "    </tr>\n",
       "  </tbody>\n",
       "</table>\n",
       "</div>"
      ],
      "text/plain": [
       "             CRIM        ZN     INDUS      CHAS       NOX        RM       AGE  \\\n",
       "CRIM     1.000000 -0.200469  0.406583 -0.055892  0.420972 -0.219247  0.352734   \n",
       "ZN      -0.200469  1.000000 -0.533828 -0.042697 -0.516604  0.311991 -0.569537   \n",
       "INDUS    0.406583 -0.533828  1.000000  0.062938  0.763651 -0.391676  0.644779   \n",
       "CHAS    -0.055892 -0.042697  0.062938  1.000000  0.091203  0.091251  0.086518   \n",
       "NOX      0.420972 -0.516604  0.763651  0.091203  1.000000 -0.302188  0.731470   \n",
       "RM      -0.219247  0.311991 -0.391676  0.091251 -0.302188  1.000000 -0.240265   \n",
       "AGE      0.352734 -0.569537  0.644779  0.086518  0.731470 -0.240265  1.000000   \n",
       "DIS     -0.379670  0.664408 -0.708027 -0.099176 -0.769230  0.205246 -0.747881   \n",
       "RAD      0.625505 -0.311948  0.595129 -0.007368  0.611441 -0.209847  0.456022   \n",
       "TAX      0.582764 -0.314563  0.720760 -0.035587  0.668023 -0.292048  0.506456   \n",
       "PTRATIO  0.289946 -0.391679  0.383248 -0.121515  0.188933 -0.355501  0.261515   \n",
       "B       -0.385064  0.175520 -0.356977  0.048788 -0.380051  0.128069 -0.273534   \n",
       "LSTAT    0.455621 -0.412995  0.603800 -0.053929  0.590879 -0.613808  0.602339   \n",
       "MEDV    -0.388305  0.360445 -0.483725  0.175260 -0.427321  0.695360 -0.376955   \n",
       "\n",
       "              DIS       RAD       TAX   PTRATIO         B     LSTAT      MEDV  \n",
       "CRIM    -0.379670  0.625505  0.582764  0.289946 -0.385064  0.455621 -0.388305  \n",
       "ZN       0.664408 -0.311948 -0.314563 -0.391679  0.175520 -0.412995  0.360445  \n",
       "INDUS   -0.708027  0.595129  0.720760  0.383248 -0.356977  0.603800 -0.483725  \n",
       "CHAS    -0.099176 -0.007368 -0.035587 -0.121515  0.048788 -0.053929  0.175260  \n",
       "NOX     -0.769230  0.611441  0.668023  0.188933 -0.380051  0.590879 -0.427321  \n",
       "RM       0.205246 -0.209847 -0.292048 -0.355501  0.128069 -0.613808  0.695360  \n",
       "AGE     -0.747881  0.456022  0.506456  0.261515 -0.273534  0.602339 -0.376955  \n",
       "DIS      1.000000 -0.494588 -0.534432 -0.232471  0.291512 -0.496996  0.249929  \n",
       "RAD     -0.494588  1.000000  0.910228  0.464741 -0.444413  0.488676 -0.381626  \n",
       "TAX     -0.534432  0.910228  1.000000  0.460853 -0.441808  0.543993 -0.468536  \n",
       "PTRATIO -0.232471  0.464741  0.460853  1.000000 -0.177383  0.374044 -0.507787  \n",
       "B        0.291512 -0.444413 -0.441808 -0.177383  1.000000 -0.366087  0.333461  \n",
       "LSTAT   -0.496996  0.488676  0.543993  0.374044 -0.366087  1.000000 -0.737663  \n",
       "MEDV     0.249929 -0.381626 -0.468536 -0.507787  0.333461 -0.737663  1.000000  "
      ]
     },
     "execution_count": 6,
     "metadata": {},
     "output_type": "execute_result"
    }
   ],
   "source": [
    "corr = features.corr()\n",
    "corr"
   ]
  },
  {
   "cell_type": "code",
   "execution_count": 7,
   "id": "2caca451",
   "metadata": {},
   "outputs": [
    {
     "name": "stdout",
     "output_type": "stream",
     "text": [
      "{'CRIM': -0.3883046085868116, 'ZN': 0.3604453424505431, 'INDUS': -0.48372516002837307, 'CHAS': 0.17526017719029843, 'NOX': -0.42732077237328286, 'RM': 0.6953599470715389, 'AGE': -0.3769545650045961, 'DIS': 0.24992873408590394, 'RAD': -0.3816262306397775, 'TAX': -0.46853593356776685, 'PTRATIO': -0.5077866855375618, 'B': 0.33346081965706653, 'LSTAT': -0.7376627261740145, 'MEDV': 1.0}\n"
     ]
    }
   ],
   "source": [
    "corr_vals = corr[\"MEDV\"]\n",
    "corr_vals = dict(corr_vals)\n",
    "print(corr_vals)"
   ]
  },
  {
   "cell_type": "code",
   "execution_count": 8,
   "id": "1ee5e247",
   "metadata": {},
   "outputs": [
    {
     "data": {
      "text/plain": [
       "dict_items([('CRIM', -0.3883046085868116), ('ZN', 0.3604453424505431), ('INDUS', -0.48372516002837307), ('CHAS', 0.17526017719029843), ('NOX', -0.42732077237328286), ('RM', 0.6953599470715389), ('AGE', -0.3769545650045961), ('DIS', 0.24992873408590394), ('RAD', -0.3816262306397775), ('TAX', -0.46853593356776685), ('PTRATIO', -0.5077866855375618), ('B', 0.33346081965706653), ('LSTAT', -0.7376627261740145), ('MEDV', 1.0)])"
      ]
     },
     "execution_count": 8,
     "metadata": {},
     "output_type": "execute_result"
    }
   ],
   "source": [
    "corr_vals.items()"
   ]
  },
  {
   "cell_type": "code",
   "execution_count": 9,
   "id": "36368723",
   "metadata": {},
   "outputs": [],
   "source": [
    "for key in corr_vals:\n",
    "    corr_vals[key] = abs(corr_vals[key])"
   ]
  },
  {
   "cell_type": "code",
   "execution_count": 10,
   "id": "d0288c47",
   "metadata": {
    "scrolled": true
   },
   "outputs": [],
   "source": [
    "sorted_dict = sorted(corr_vals.items(),key = lambda x: x[1],reverse=True)"
   ]
  },
  {
   "cell_type": "code",
   "execution_count": 11,
   "id": "443b477d",
   "metadata": {},
   "outputs": [
    {
     "data": {
      "text/plain": [
       "[('MEDV', 1.0),\n",
       " ('LSTAT', 0.7376627261740145),\n",
       " ('RM', 0.6953599470715389),\n",
       " ('PTRATIO', 0.5077866855375618),\n",
       " ('INDUS', 0.48372516002837307),\n",
       " ('TAX', 0.46853593356776685),\n",
       " ('NOX', 0.42732077237328286),\n",
       " ('CRIM', 0.3883046085868116),\n",
       " ('RAD', 0.3816262306397775),\n",
       " ('AGE', 0.3769545650045961),\n",
       " ('ZN', 0.3604453424505431),\n",
       " ('B', 0.33346081965706653),\n",
       " ('DIS', 0.24992873408590394),\n",
       " ('CHAS', 0.17526017719029843)]"
      ]
     },
     "execution_count": 11,
     "metadata": {},
     "output_type": "execute_result"
    }
   ],
   "source": [
    "sorted_dict"
   ]
  },
  {
   "cell_type": "code",
   "execution_count": 12,
   "id": "523307f5",
   "metadata": {},
   "outputs": [],
   "source": [
    "# taking top k features\n",
    "def select_features(k):\n",
    "    columns = []\n",
    "    count = 0\n",
    "    for key in sorted_dict:\n",
    "        if count == k:\n",
    "            break\n",
    "        columns.append(key)\n",
    "        count += 1\n",
    "\n",
    "    return columns"
   ]
  },
  {
   "cell_type": "code",
   "execution_count": 13,
   "id": "7c29d6cd",
   "metadata": {},
   "outputs": [
    {
     "data": {
      "text/plain": [
       "[('MEDV', 1.0), ('LSTAT', 0.7376627261740145), ('RM', 0.6953599470715389)]"
      ]
     },
     "execution_count": 13,
     "metadata": {},
     "output_type": "execute_result"
    }
   ],
   "source": [
    "select_features(3)"
   ]
  },
  {
   "cell_type": "code",
   "execution_count": 14,
   "id": "8bb0a290",
   "metadata": {},
   "outputs": [],
   "source": [
    "def LinearRegressionModel(X,y):\n",
    "    # adding a column of bias to feature dataset\n",
    "    ones = np.array([1 for i in range(len(X[:,0]))])\n",
    "    ones = ones.reshape(len(X[:,0]),1)\n",
    "    X = np.concatenate((ones,X),axis=1)\n",
    "    \n",
    "    # finding theta's using normal equation\n",
    "    X_T = X.T\n",
    "    X_TX = X_T.dot(X)\n",
    "    theta = np.linalg.inv(X_TX).dot(X_T).dot(y)\n",
    "    \n",
    "    return theta"
   ]
  }
 ],
 "metadata": {
  "kernelspec": {
   "display_name": "Python 3 (ipykernel)",
   "language": "python",
   "name": "python3"
  },
  "language_info": {
   "codemirror_mode": {
    "name": "ipython",
    "version": 3
   },
   "file_extension": ".py",
   "mimetype": "text/x-python",
   "name": "python",
   "nbconvert_exporter": "python",
   "pygments_lexer": "ipython3",
   "version": "3.9.7"
  }
 },
 "nbformat": 4,
 "nbformat_minor": 5
}
